0s
0
0
0
	
2H 46m 40s
5 000
100 000
300 000
	
4H 43m 20s
10 000
200 000
600 000
	
8H 1m 40s
20 000
400 000
1 200 000
	
13H 38m 50s
40 000
800 000
2 400 000
	
23H 12m 1s
80 000
1 600 000
4 800 000
	
1J 15H 26m 26s
160 000
3 200 000
9 600 000
	
2J 19H 2m 56s
320 000
6 400 000
19 200 000
	
4J 17H 58m 59s
640 000
12 800 000
38 400 000
	
8J 1H 46m 16s
1 280 000
25 600 000
76 800 000
	
13J 17H 24m 39s
2 560 000
51 200 000
153 600 000
	
23J 7H 59m 54s
5 120 000
102 400 000
307 200 000
	
39J 15H 59m 50s
10 240 000
204 800 000
614 400 000
	
51J 13H 35m 47s
20 480 000
409 600 000
1 228 800 000
	
67J 52m 31s
40 960 000
819 200 000
2 457 600 000
	
87J 3H 32m 16s
81 920 000
1 638 400 000
4 915 200 000
	
113J 6H 59m 57s
163 840 000
3 276 800 000
9 830 400 000
	
147J 6H 41m 56s
327 680 000
6 553 600 000
19 660 800 000
	
191J 11H 6m 30s
655 360 000
13 107 200 000
39 321 600 000
	
248J 21H 38m 27s
1 310 720 000
26 214 400 000
78 643 200 000
	
323J 13H 43m 59s
2 621 440 000
52 428 800 000
157 286 400 000
	
420J 15H 27m 11s
5 242 880 000
104 857 600 000
314 572 800 000
	
546J 20H 5m 20s
10 485 760 000
209 715 200 000
629 145 600 000
	
710J 21H 18m 56s
20 971 520 000
419 430 400 000
1 258 291 200 000
	
924J 3H 42m 36s
41 943 040 000
838 860 800 000
2 516 582 400 000
	
1201J 9H 37m 23s
83 886 080 000
1 677 721 600 000
5 033 164 800 000
	
1561J 19H 42m 36s
167 772 160 000
3 355 443 200 000
10 066 329 600 000
	
2030J 8H 49m 22s
335 544 320 000
6 710 886 400 000
20 132 659 200 000
	
2639J 11H 28m 11s
671 088 640 000
13 421 772 800 000
40 265 318 400 000
	
3167J 8H 57m 49s
1 342 177 280 000
26 843 545 600 000
80 530 636 800 000
	
3800J 20H 21m 23s
2 684 354 560 000
53 687 091 200 000
161 061 273 600 000