0s
0
0
0
	
2m 0s
80
200
300
	
3m 24s
160
400
600
	
5m 47s
320
800
1 200
	
9m 50s
640
1 600
2 400
	
16m 43s
1 280
3 200
4 800
	
28m 24s
2 560
6 400
9 600
	
48m 17s
5 120
12 800
19 200
	
1H 22m 5s
10 240
25 600
38 400
	
2H 19m 31s
20 480
51 200
76 800
	
3H 57m 11s
40 960
102 400
153 600
	
6H 43m 12s
81 920
204 800
307 200
	
11H 25m 27s
163 840
409 600
614 400
	
19H 25m 15s
327 680
819 200
1 228 800
	
1J 9H 55s
655 360
1 638 400
2 457 600
	
2J 8H 7m 34s
1 310 720
3 276 800
4 915 200
	
3J 23H 24m 51s
2 621 440
6 553 600
9 830 400
	
6J 18H 12m 15s
5 242 880
13 107 200
19 660 800
	
11J 11H 44m 49s
10 485 760
26 214 400
39 321 600
	
19J 12H 46m 11s
20 971 520
52 428 800
78 643 200
	
33J 4H 54m 30s
41 943 040
104 857 600
157 286 400
	
43J 3H 58m 50s
83 886 080
209 715 200
314 572 800
	
56J 2H 46m 29s
167 772 160
419 430 400
629 145 600
	
72J 22H 48m 26s
335 544 320
838 860 800
1 258 291 200
	
94J 20H 2m 58s
671 088 640
1 677 721 600
2 516 582 400
	
123J 6H 51m 51s
1 342 177 280
3 355 443 200
5 033 164 800
	
160J 6H 31m 24s
2 684 354 560
6 710 886 400
10 066 329 600
	
208J 8H 28m 49s
5 368 709 120
13 421 772 800
20 132 659 200
	
270J 20H 37m 28s
10 737 418 240
26 843 545 600
40 265 318 400
	
325J 44m 58s
21 474 836 480
53 687 091 200
80 530 636 800
	
390J 53m 57s
42 949 672 960
107 374 182 400
161 061 273 600
	
468J 1H 4m 44s
85 899 345 920
214 748 364 800
322 122 547 200
	
561J 15H 41m 41s
171 798 691 840
429 496 729 600
644 245 094 400
	
673J 23H 38m 1s
343 597 383 680
858 993 459 200
1 288 490 188 800
	
808J 18H 45m 38s
687 194 767 360
1 717 986 918 400
2 576 980 377 600
	
970J 12H 54m 45s
1 374 389 534 720
3 435 973 836 800
5 153 960 755 200
	
1164J 15H 29m 42s
2 748 779 069 440
6 871 947 673 600
10 307 921 510 400
	
1397J 13H 47m 38s
5 497 558 138 880
13 743 895 347 200
20 615 843 020 800
	
1677J 2H 9m 10s
10 995 116 277 760
27 487 790 694 400
41 231 686 041 600
	
2012J 12H 10m 59s
21 990 232 555 520
54 975 581 388 800
82 463 372 083 200
	
2415J 13m 11s
43 980 465 111 040
109 951 162 777 600
164 926 744 166 400
	
2898J 15m 49s
87 960 930 222 080
219 902 325 555 200
329 853 488 332 800
	
3477J 14H 42m 59s
175 921 860 444 160
439 804 651 110 400
659 706 976 665 600
	
4173J 3H 15m 35s
351 843 720 888 320
879 609 302 220 800
1 319 413 953 331 200
	
5007J 18H 18m 42s
703 687 441 776 640
1 759 218 604 441 600
2 638 827 906 662 400
	
6009J 7H 34m 26s
1 407 374 883 553 280
3 518 437 208 883 200
5 277 655 813 324 800