0s
0
0
0
	
2m 0s
80
200
500
	
3m 24s
160
400
1 000
	
5m 47s
320
800
2 000
	
9m 50s
640
1 600
4 000
	
16m 43s
1 280
3 200
8 000
	
28m 24s
2 560
6 400
16 000
	
48m 17s
5 120
12 800
32 000
	
1H 22m 5s
10 240
25 600
64 000
	
2H 19m 31s
20 480
51 200
128 000
	
3H 57m 11s
40 960
102 400
256 000
	
6H 43m 12s
81 920
204 800
512 000
	
11H 25m 27s
163 840
409 600
1 024 000
	
19H 25m 15s
327 680
819 200
2 048 000
	
1J 9H 55s
655 360
1 638 400
4 096 000
	
2J 8H 7m 34s
1 310 720
3 276 800
8 192 000
	
3J 23H 24m 51s
2 621 440
6 553 600
16 384 000
	
6J 18H 12m 15s
5 242 880
13 107 200
32 768 000
	
11J 11H 44m 49s
10 485 760
26 214 400
65 536 000
	
19J 12H 46m 11s
20 971 520
52 428 800
131 072 000
	
33J 4H 54m 30s
41 943 040
104 857 600
262 144 000
	
43J 3H 58m 50s
83 886 080
209 715 200
524 288 000
	
56J 2H 46m 29s
167 772 160
419 430 400
1 048 576 000
	
72J 22H 48m 26s
335 544 320
838 860 800
2 097 152 000
	
94J 20H 2m 58s
671 088 640
1 677 721 600
4 194 304 000
	
123J 6H 51m 51s
1 342 177 280
3 355 443 200
8 388 608 000
	
160J 6H 31m 24s
2 684 354 560
6 710 886 400
16 777 216 000
	
208J 8H 28m 49s
5 368 709 120
13 421 772 800
33 554 432 000
	
270J 20H 37m 28s
10 737 418 240
26 843 545 600
67 108 864 000
	
325J 44m 58s
21 474 836 480
53 687 091 200
134 217 728 000
	
390J 53m 57s
42 949 672 960
107 374 182 400
268 435 456 000
	
468J 1H 4m 44s
85 899 345 920
214 748 364 800
536 870 912 000
	
561J 15H 41m 41s
171 798 691 840
429 496 729 600
1 073 741 824 000
	
673J 23H 38m 1s
343 597 383 680
858 993 459 200
2 147 483 648 000
	
808J 18H 45m 38s
687 194 767 360
1 717 986 918 400
4 294 967 296 000
	
970J 12H 54m 45s
1 374 389 534 720
3 435 973 836 800
8 589 934 592 000
	
1164J 15H 29m 42s
2 748 779 069 440
6 871 947 673 600
17 179 869 184 000
	
1397J 13H 47m 38s
5 497 558 138 880
13 743 895 347 200
34 359 738 368 000
	
1677J 2H 9m 10s
10 995 116 277 760
27 487 790 694 400
68 719 476 736 000
	
2012J 12H 10m 59s
21 990 232 555 520
54 975 581 388 800
137 438 953 472 000
	
2415J 13m 11s
43 980 465 111 040
109 951 162 777 600
274 877 906 944 000
	
2898J 15m 49s
87 960 930 222 080
219 902 325 555 200
549 755 813 888 000
	
3477J 14H 42m 59s
175 921 860 444 160
439 804 651 110 400
1 099 511 627 776 000
	
4173J 3H 15m 35s
351 843 720 888 320
879 609 302 220 800
2 199 023 255 552 000
	
5007J 18H 18m 42s
703 687 441 776 640
1 759 218 604 441 600
4 398 046 511 104 000
	
6009J 7H 34m 26s
1 407 374 883 553 280
3 518 437 208 883 200
8 796 093 022 208 000