0s
0
0
0
	
3m 0s
1 000
3 000
10 000
	
5m 6s
2 000
6 000
20 000
	
8m 41s
4 000
12 000
40 000
	
14m 45s
8 000
24 000
80 000
	
25m 4s
16 000
48 000
160 000
	
42m 36s
32 000
96 000
320 000
	
1H 12m 25s
64 000
192 000
640 000
	
2H 3m 7s
128 000
384 000
1 280 000
	
3H 29m 17s
256 000
768 000
2 560 000
	
5H 55m 46s
512 000
1 536 000
5 120 000
	
10H 4m 48s
1 024 000
3 072 000
10 240 000
	
17H 8m 10s
2 048 000
6 144 000
20 480 000
	
1J 5H 7m 53s
4 096 000
12 288 000
40 960 000
	
2J 1H 31m 23s
8 192 000
24 576 000
81 920 000
	
3J 12H 11m 21s
16 384 000
49 152 000
163 840 000
	
5J 23H 7m 17s
32 768 000
98 304 000
327 680 000
	
10J 3H 18m 22s
65 536 000
196 608 000
655 360 000
	
17J 5H 37m 13s
131 072 000
393 216 000
1 310 720 000
	
29J 7H 9m 16s
262 144 000
786 432 000
2 621 440 000
	
49J 19H 21m 44s
524 288 000
1 572 864 000
5 242 880 000
	
64J 17H 58m 15s
1 048 576 000
3 145 728 000
10 485 760 000
	
84J 4H 9m 44s
2 097 152 000
6 291 456 000
20 971 520 000
	
109J 10H 12m 39s
4 194 304 000
12 582 912 000
41 943 040 000
	
142J 6H 4m 27s
8 388 608 000
25 165 824 000
83 886 080 000
	
184J 22H 17m 46s
16 777 216 000
50 331 648 000
167 772 160 000
	
240J 9H 47m 6s
33 554 432 000
100 663 296 000
335 544 320 000
	
312J 12H 43m 14s
67 108 864 000
201 326 592 000
671 088 640 000
	
406J 6H 56m 12s
134 217 728 000
402 653 184 000
1 342 177 280 000
	
487J 13H 7m 26s
268 435 456 000
805 306 368 000
2 684 354 560 000
	
585J 1H 20m 55s
536 870 912 000
1 610 612 736 000
5 368 709 120 000
	
702J 1H 37m 6s
1 073 741 824 000
3 221 225 472 000
10 737 418 240 000
	
842J 11H 32m 32s
2 147 483 648 000
6 442 450 944 000
21 474 836 480 000
	
1010J 23H 27m 2s
4 294 967 296 000
12 884 901 888 000
42 949 672 960 000
	
1213J 4H 8m 26s
8 589 934 592 000
25 769 803 776 000
85 899 345 920 000
	
1455J 19H 22m 7s
17 179 869 184 000
51 539 607 552 000
171 798 691 840 000
	
1746J 23H 14m 32s
34 359 738 368 000
103 079 215 104 000
343 597 383 680 000
	
2096J 8H 41m 27s
68 719 476 736 000
206 158 430 208 000
687 194 767 360 000
	
2515J 15H 13m 44s
137 438 953 472 000
412 316 860 416 000
1 374 389 534 720 000
	
3018J 18H 16m 29s
274 877 906 944 000
824 633 720 832 000
2 748 779 069 440 000
	
3622J 12H 19m 47s
549 755 813 888 000
1 649 267 441 664 000
5 497 558 138 880 000
	
4347J 23m 44s
1 099 511 627 776 000
3 298 534 883 328 000
10 995 116 277 760 000
	
5216J 10H 4m 28s
2 199 023 255 552 000
6 597 069 766 656 000
21 990 232 555 520 000
		