0s
0
0
0
	
13H 53m 20s
250 000
40 000 000
15 000 000
	
23H 36m 40s
500 000
80 000 000
30 000 000
	
1J 16H 8m 20s
1 000 000
160 000 000
60 000 000
	
2J 20H 14m 10s
2 000 000
320 000 000
120 000 000
	
4J 20H 5s
4 000 000
640 000 000
240 000 000
	
8J 5H 12m 9s
8 000 000
1 280 000 000
480 000 000
	
13J 23H 14m 39s
16 000 000
2 560 000 000
960 000 000
	
23J 17H 54m 54s
32 000 000
5 120 000 000
1 920 000 000
	
40J 8H 51m 19s
64 000 000
10 240 000 000
3 840 000 000
	
68J 15H 3m 14s
128 000 000
20 480 000 000
7 680 000 000
	
116J 15H 59m 30s
256 000 000
40 960 000 000
15 360 000 000
	
198J 7H 59m 9s
512 000 000
81 920 000 000
30 720 000 000
	
337J 3H 58m 32s
1 024 000 000
163 840 000 000
61 440 000 000
	
573J 4H 21m 31s
2 048 000 000
327 680 000 000
122 880 000 000
	
974J 9H 48m 34s
4 096 000 000
655 360 000 000
245 760 000 000
	
1656J 11H 52m 33s
8 192 000 000
1 310 720 000 000
491 520 000 000
	
2816J 59m 20s
16 384 000 000
2 621 440 000 000
983 040 000 000
	
4787J 6H 28m 51s
32 768 000 000
5 242 880 000 000
1 966 080 000 000
	
8138J 8H 37m 3s
65 536 000 000
10 485 760 000 000
3 932 160 000 000
	
13835J 5H 2m 59s
131 072 000 000
20 971 520 000 000
7 864 320 000 000
	