0s
0
0
0
	
3m 20s
50
4 000
2 500
	
5m 40s
100
8 000
5 000
	
9m 38s
200
16 000
10 000
	
16m 23s
400
32 000
20 000
	
27m 51s
800
64 000
40 000
	
47m 20s
1 600
128 000
80 000
	
1H 20m 28s
3 200
256 000
160 000
	
2H 16m 47s
6 400
512 000
320 000
	
3H 52m 32s
12 800
1 024 000
640 000
	
6H 35m 18s
25 600
2 048 000
1 280 000
	
11H 12m 0s
51 200
4 096 000
2 560 000
	
19H 2m 24s
102 400
8 192 000
5 120 000
	
1J 8H 22m 5s
204 800
16 384 000
10 240 000
	
2J 7H 1m 32s
409 600
32 768 000
20 480 000
	
3J 21H 32m 36s
819 200
65 536 000
40 960 000
	
6J 15H 1m 25s
1 638 400
131 072 000
81 920 000
	
11J 6H 20m 24s
3 276 800
262 144 000
163 840 000
	
19J 3H 34m 41s
6 553 600
524 288 000
327 680 000
	
32J 13H 16m 57s
13 107 200
1 048 576 000
655 360 000
	
42J 7H 40m 2s
26 214 400
2 097 152 000
1 310 720 000
	
55J 22m 3s
52 428 800
4 194 304 000
2 621 440 000
	
71J 12H 28m 40s
104 857 600
8 388 608 000
5 242 880 000
	
92J 23H 25m 16s
209 715 200
16 777 216 000
10 485 760 000
	
120J 20H 50m 50s
419 430 400
33 554 432 000
20 971 520 000
	
157J 3H 6m 5s
838 860 800
67 108 864 000
41 943 040 000
	
204J 6H 25m 54s
1 677 721 600
134 217 728 000
83 886 080 000
	
265J 13H 9m 41s
3 355 443 200
268 435 456 000
167 772 160 000
	
345J 5H 6m 35s
6 710 886 400
536 870 912 000
335 544 320 000
	
414J 6H 7m 53s
13 421 772 800
1 073 741 824 000
671 088 640 000
	
497J 2H 33m 28s
26 843 545 600
2 147 483 648 000
1 342 177 280 000
	
596J 12H 40m 9s
53 687 091 200
4 294 967 296 000
2 684 354 560 000
	
715J 20H 11s
107 374 182 400
8 589 934 592 000
5 368 709 120 000
	
859J 13s
214 748 364 800
17 179 869 184 000
10 737 418 240 000
	
1030J 19H 12m 16s
429 496 729 600
34 359 738 368 000
21 474 836 480 000
	
1236J 23H 2m 43s
858 993 459 200
68 719 476 736 000
42 949 672 960 000
	
1484J 8H 27m 15s
1 717 986 918 400
137 438 953 472 000
85 899 345 920 000
	
1781J 5H 20m 42s
3 435 973 836 800
274 877 906 944 000
171 798 691 840 000
	
2137J 11H 12m 51s
6 871 947 673 600
549 755 813 888 000
343 597 383 680 000
	
2564J 23H 3m 25s
13 743 895 347 200
1 099 511 627 776 000
687 194 767 360 000
	
3077J 22H 52m 6s
27 487 790 694 400
2 199 023 255 552 000
1 374 389 534 720 000
	
3693J 13H 2m 31s
54 975 581 388 800
4 398 046 511 104 000
2 748 779 069 440 000
	
4432J 6H 3m 1s
109 951 162 777 600
8 796 093 022 208 000
5 497 558 138 880 000
	
5318J 16H 51m 37s
219 902 325 555 200
17 592 186 044 416 000
10 995 116 277 760 000
	
6382J 10H 37m 56s
439 804 651 110 400
35 184 372 088 832 000
21 990 232 555 520 000
	
7658J 22H 21m 32s
879 609 302 220 800
70 368 744 177 664 000
43 980 465 111 040 000